6
1
2
9 15 3 3 0 -1
10 16 1 1 0 9
haar_point
3.425304e-003 0 -1
-2.740466e-001 7.805800e-001 
1
2
11 2 3 1 0 -1
12 2 1 1 0 3
haar_x3
8.290911e-004 0 -1
-6.691516e-002 6.546273e-001 
1
2
5 9 1 2 0 -1
5 10 1 1 0 2
haar_y2
1.588594e-005 0 -1
-4.375950e-001 4.761407e-001 
1
3
13 18 4 6 0 -1
15 18 2 3 0 2
13 21 2 3 0 2
haar_x2_y2
3.524798e-003 0 -1
-1.307047e-001 5.966493e-001 
1
3
0 1 12 6 0 -1
0 1 6 3 0 2
6 4 6 3 0 2
haar_x2_y2
8.761780e-003 0 -1
-4.335229e-001 6.083591e-001 
1
3
11 21 10 2 0 -1
16 21 5 1 0 2
11 22 5 1 0 2
haar_x2_y2
-2.240001e-003 0 -1
5.236399e-001 -1.394709e-001 
-5.685196e-001

1
-1
