11
1
2
2 0 2 3 0 -1
2 1 2 1 0 3
haar_y3
-7.207958e-004 0 -1
-8.824463e-001 2.422051e-001 
1
2
0 8 24 15 0 -1
8 8 8 15 0 3
haar_x3
5.592421e-001 0 -1
-2.621217e-001 6.954871e-001 
1
2
1 6 21 2 0 -1
1 7 21 1 0 2
haar_y2
8.418569e-004 0 -1
-6.603021e-001 2.646466e-001 
1
2
9 3 6 18 0 -1
9 3 3 18 0 2
haar_x2
3.261774e-002 0 -1
-3.097857e-001 6.210176e-001 
1
2
3 15 17 4 0 -1
3 17 17 2 0 2
haar_y2
3.188342e-003 0 -1
-4.571917e-001 4.914354e-001 
1
2
8 5 14 2 0 -1
8 5 7 2 0 2
haar_x2
1.594644e-003 0 -1
-3.543051e-001 1.830859e-001 
1
2
0 10 18 1 0 -1
9 10 9 1 0 2
haar_x2
2.415352e-004 0 -1
-8.322567e-001 3.659026e-001 
1
2
18 2 1 2 0 -1
18 2 1 1 0 2
tilted_haar_x2
-3.835779e-005 0 -1
2.046357e-001 -6.331728e-001 
1
2
6 7 9 10 0 -1
9 7 3 10 0 3
haar_x3
-2.801528e-003 0 -1
7.335835e-001 -4.996435e-001 
1
2
14 11 1 4 0 -1
14 12 1 2 0 2
haar_y4
6.933383e-004 0 -1
-1.076345e-001 3.674088e-001 
1
2
12 8 4 6 0 -1
10 10 4 2 0 3
tilted_haar_y3
6.422984e-004 0 -1
-6.280473e-001 4.464024e-001 
-9.964198e-001

8
-1
