15
1
2
0 22 24 2 0 -1
0 23 24 1 0 2
haar_y2
-1.098649e-003 0 -1
2.699670e-001 -4.967181e-001 
1
2
8 16 16 6 0 -1
8 19 16 3 0 2
haar_y2
1.286080e-002 0 -1
-1.750061e-001 4.649428e-001 
1
2
5 0 5 2 0 -1
5 1 5 1 0 2
haar_y2
2.573478e-005 0 -1
-6.118237e-001 2.174714e-001 
1
2
12 0 9 9 0 -1
15 0 3 9 0 3
haar_x3
-2.011412e-004 0 -1
1.476676e-001 -2.049421e-001 
1
2
2 10 2 12 0 -1
3 10 1 12 0 2
haar_x2
1.679427e-003 0 -1
-4.763168e-001 3.084219e-001 
1
2
12 0 2 10 0 -1
12 0 1 10 0 2
haar_x2
-5.149717e-004 0 -1
3.026671e-001 -2.769049e-001 
1
2
9 8 6 2 0 -1
11 8 2 2 0 3
haar_x3
3.706689e-004 0 -1
-4.514239e-001 3.638279e-001 
1
2
19 11 3 5 0 -1
20 11 1 5 0 3
haar_x3
1.410873e-005 0 -1
-2.209086e-001 1.334217e-001 
1
2
2 11 3 5 0 -1
3 11 1 5 0 3
haar_x3
-1.431997e-005 0 -1
3.795868e-001 -5.018933e-001 
1
2
12 12 9 8 0 -1
15 12 3 8 0 3
haar_x3
1.156412e-002 0 -1
-3.262343e-001 3.971646e-001 
1
2
2 16 7 4 0 -1
2 18 7 2 0 2
haar_y2
5.685541e-004 0 -1
-4.498717e-001 4.669798e-001 
1
2
20 15 2 4 0 -1
20 17 2 2 0 2
haar_y2
2.378592e-005 0 -1
-3.743268e-001 1.776361e-001 
1
2
2 15 3 4 0 -1
2 17 3 2 0 2
haar_y2
-7.936616e-004 0 -1
7.299213e-001 -5.107963e-001 
1
2
3 2 19 2 0 -1
3 3 19 1 0 2
haar_y2
9.170895e-004 0 -1
-6.394020e-001 3.798827e-001 
1
2
0 20 3 4 0 -1
0 22 3 2 0 2
haar_y2
-1.362030e-004 0 -1
3.519537e-001 -6.607668e-001 
-7.282985e-001

12
-1
