6
1
2
0 0 2 3 0 -1
0 1 2 1 0 3
haar_y3
-4.847848e-004 0 -1
-7.904053e-001 2.147302e-001 
1
2
20 1 3 1 0 -1
21 1 1 1 0 3
haar_x3
-9.201375e-004 0 -1
-7.951894e-001 7.462589e-002 
1
2
2 0 2 2 0 -1
3 0 1 2 0 2
haar_x2
-4.699918e-004 0 -1
-8.123441e-001 1.985281e-001 
1
2
16 0 3 1 0 -1
17 0 1 1 0 3
haar_x3
-2.283524e-004 0 -1
-4.568294e-001 1.576843e-001 
1
2
5 0 3 1 0 -1
6 0 1 1 0 3
haar_x3
-1.746106e-004 0 -1
-7.467043e-001 2.472572e-001 
1
2
21 14 1 6 0 -1
21 16 1 2 0 3
haar_y3
-2.786247e-005 0 -1
-2.815910e-001 1.118698e-001 
-6.206905e-001

10
-1
