5
1
2
0 5 24 17 0 -1
6 5 12 17 0 2
haar_x4
2.179497e-001 0 -1
-4.750223e-001 6.261182e-001 
1
2
17 5 6 13 0 -1
17 5 3 13 0 2
tilted_haar_y2
-8.329699e-003 0 -1
-3.094565e-001 2.256360e-001 
1
2
7 5 13 6 0 -1
7 5 13 3 0 2
tilted_haar_y2
-2.157794e-002 0 -1
-7.322245e-001 2.433990e-001 
1
3
10 3 4 6 0 -1
12 3 2 3 0 2
10 6 2 3 0 2
haar_x2_y2
-5.431610e-005 0 -1
3.946996e-001 -5.302101e-001 
1
2
0 15 4 4 0 -1
0 16 4 2 0 2
haar_y4
2.982013e-005 0 -1
-5.535890e-001 3.217574e-001 
-8.002464e-001

5
-1
