9
1
2
5 18 3 6 0 -1
5 20 3 2 0 3
haar_y3
4.470415e-003 0 -1
-3.171984e-001 7.561203e-001 
1
2
18 0 6 18 0 -1
20 2 2 18 0 3
tilted_haar_y3
-6.170642e-003 0 -1
4.209200e-001 -4.797634e-002 
1
2
6 0 18 6 0 -1
4 2 18 2 0 3
tilted_haar_y3
6.498696e-002 0 -1
-2.648801e-001 8.673565e-001 
1
2
20 6 3 14 0 -1
21 7 1 14 0 3
tilted_haar_y3
-6.650126e-003 0 -1
7.524300e-001 -5.390276e-002 
1
2
1 21 18 3 0 -1
1 22 18 1 0 3
haar_y3
2.254952e-003 0 -1
-3.209910e-001 6.323656e-001 
1
3
16 12 2 2 0 -1
17 12 1 1 0 2
16 13 1 1 0 2
haar_x2_y2
-1.513023e-005 0 -1
4.392361e-001 -1.788336e-001 
1
2
1 15 4 2 0 -1
1 16 4 1 0 2
haar_y2
9.895283e-005 0 -1
-4.458016e-001 4.274507e-001 
1
2
9 22 6 1 0 -1
11 22 2 1 0 3
haar_x3
-2.564247e-003 0 -1
9.599118e-001 -1.474236e-001 
1
3
4 7 2 2 0 -1
4 7 1 1 0 2
5 8 1 1 0 2
haar_x2_y2
-1.410873e-005 0 -1
6.244323e-001 -3.236891e-001 
-3.410071e-001

3
-1
