9
1
2
7 3 4 18 0 -1
7 12 4 9 0 2
haar_y2
1.789690e-002 0 -1
-3.225094e-001 5.192226e-001 
1
2
0 0 24 8 0 -1
0 4 24 4 0 2
haar_y2
1.880358e-002 0 -1
-6.712022e-001 2.476486e-001 
1
2
3 14 1 2 0 -1
3 14 1 1 0 2
tilted_haar_y2
1.033588e-003 0 -1
1.671719e-001 -8.659318e-001 
1
2
20 4 4 6 0 -1
20 4 2 6 0 2
haar_x2
-1.234709e-002 0 -1
5.045682e-001 -8.311200e-002 
1
2
0 0 4 10 0 -1
2 0 2 10 0 2
haar_x2
2.570060e-005 0 -1
-4.902713e-001 3.157566e-001 
1
2
12 0 1 3 0 -1
11 1 1 1 0 3
tilted_haar_x3
1.340967e-003 0 -1
1.608376e-001 -5.848744e-001 
1
2
12 0 3 1 0 -1
13 1 1 1 0 3
tilted_haar_x3
-9.050078e-004 0 -1
-8.478917e-001 1.687033e-001 
1
2
12 12 2 8 0 -1
12 12 1 8 0 2
haar_x2
1.099146e-002 0 -1
-7.496464e-002 7.625884e-001 
1
2
4 13 4 1 0 -1
5 14 2 1 0 2
tilted_haar_x4
1.015363e-004 0 -1
-4.408600e-001 3.689792e-001 
-7.801789e-001

9
-1
