7
1
2
0 0 24 24 0 -1
8 8 8 8 0 9
haar_point
7.589345e-001 0 -1
-4.394754e-001 6.944543e-001 
1
2
0 0 24 2 0 -1
0 1 24 1 0 2
haar_y2
2.039853e-003 0 -1
-5.110757e-001 4.092888e-001 
1
2
4 10 4 3 0 -1
6 10 2 3 0 2
haar_x2
3.935456e-003 0 -1
-3.925660e-001 5.683776e-001 
1
3
19 19 2 2 0 -1
20 19 1 1 0 2
19 20 1 1 0 2
haar_x2_y2
8.091748e-004 0 -1
-9.386123e-002 9.020380e-001 
1
3
3 19 2 2 0 -1
3 19 1 1 0 2
4 20 1 1 0 2
haar_x2_y2
-4.426709e-004 0 -1
8.931925e-001 -2.181817e-001 
1
2
12 14 3 6 0 -1
13 14 1 6 0 3
haar_x3
-1.895816e-003 0 -1
5.670635e-001 -9.444937e-002 
1
2
9 5 14 3 0 -1
8 6 14 1 0 3
tilted_haar_y3
6.393312e-003 0 -1
-3.802137e-001 6.056212e-001 
-5.479459e-001

0
-1
