7
1
2
11 7 12 3 0 -1
10 8 12 1 0 3
tilted_haar_y3
6.268484e-003 0 -1
-2.764952e-001 7.181756e-001 
1
2
11 16 2 2 0 -1
11 17 2 1 0 2
haar_y2
1.588594e-005 0 -1
-3.468550e-001 5.890649e-001 
1
3
7 13 2 2 0 -1
7 13 1 1 0 2
8 14 1 1 0 2
haar_x2_y2
-3.823641e-005 0 -1
6.042313e-001 -3.290572e-001 
1
2
12 14 3 6 0 -1
13 16 1 2 0 9
haar_point
1.371717e-002 0 -1
-9.025563e-002 7.833978e-001 
1
2
10 15 1 3 0 -1
10 16 1 1 0 3
haar_y3
1.503127e-005 0 -1
-4.436139e-001 5.156826e-001 
1
2
17 12 4 3 0 -1
17 13 4 1 0 3
haar_y3
-1.670273e-003 0 -1
5.658047e-001 -9.406890e-002 
1
2
0 7 1 2 0 -1
0 8 1 1 0 2
haar_y2
1.349493e-005 0 -1
-4.533349e-001 4.903534e-001 
-2.241073e-001

4
-1
