6
1
2
5 3 7 4 0 -1
4 4 7 2 0 2
tilted_haar_y4
-6.410888e-004 0 -1
7.724214e-001 -3.817179e-001 
1
2
13 19 6 4 0 -1
13 20 6 2 0 2
haar_y4
-9.204758e-003 0 -1
-1.000000e+000 1.147806e-001 
1
2
1 19 1 2 0 -1
1 20 1 1 0 2
haar_y2
-5.678956e-005 0 -1
5.466607e-001 -5.303063e-001 
1
2
13 19 6 4 0 -1
13 20 6 2 0 2
haar_y4
1.620704e-004 0 -1
2.402108e-001 -2.926850e-001 
1
2
5 19 6 4 0 -1
5 20 6 2 0 2
haar_y4
2.015641e-005 0 -1
-7.019947e-001 5.561737e-001 
1
2
22 21 2 1 0 -1
22 21 1 1 0 2
haar_x2
2.595023e-004 0 -1
-3.111651e-001 6.620280e-001 
-3.120242e-001

11
-1
