27
1
2
0 2 2 22 0 -1
1 2 1 22 0 2
haar_x2
5.262840e-004 0 -1
-5.233253e-001 5.253852e-001 
1
3
14 1 10 10 0 -1
19 1 5 5 0 2
14 6 5 5 0 2
haar_x2_y2
1.843772e-003 0 -1
-6.410919e-001 2.740384e-001 
1
2
8 0 1 6 0 -1
8 3 1 3 0 2
haar_y2
5.080619e-005 0 -1
-9.120097e-001 3.063434e-001 
1
3
15 1 8 10 0 -1
19 1 4 5 0 2
15 6 4 5 0 2
haar_x2_y2
-1.458363e-004 0 -1
6.176623e-001 -5.951914e-001 
1
3
0 1 10 10 0 -1
0 1 5 5 0 2
5 6 5 5 0 2
haar_x2_y2
1.457920e-004 0 -1
-8.350677e-001 4.672657e-001 
1
2
8 5 16 6 0 -1
8 8 16 3 0 2
haar_y2
9.630851e-003 0 -1
-7.680796e-001 2.728440e-001 
1
2
9 18 4 5 0 -1
10 18 2 5 0 2
haar_x4
6.912576e-004 0 -1
-7.507496e-001 6.879519e-001 
1
3
11 0 10 24 0 -1
16 0 5 12 0 2
11 12 5 12 0 2
haar_x2_y2
-2.487046e-002 0 -1
5.608619e-001 -7.545660e-001 
1
2
1 4 13 8 0 -1
1 8 13 4 0 2
haar_y2
2.040432e-003 0 -1
-9.173510e-001 6.515411e-001 
1
2
17 6 1 16 0 -1
13 10 1 8 0 2
tilted_haar_x4
2.694397e-003 0 -1
-8.911710e-001 1.032882e-001 
1
2
4 13 12 7 0 -1
7 13 6 7 0 2
haar_x4
-6.306331e-004 0 -1
9.247907e-001 -8.612705e-001 
1
2
14 9 1 14 0 -1
14 9 1 7 0 2
tilted_haar_x2
2.255769e-004 0 -1
-8.308980e-001 4.341497e-001 
1
2
6 20 3 1 0 -1
7 21 1 1 0 3
tilted_haar_x3
2.305082e-004 0 -1
-8.519353e-001 6.922193e-001 
1
2
14 9 1 14 0 -1
14 9 1 7 0 2
tilted_haar_x2
2.255769e-004 0 -1
-9.250978e-001 2.668200e-001 
1
2
0 21 2 3 0 -1
0 22 2 1 0 3
haar_y3
-1.588594e-005 0 -1
7.588333e-001 -9.526262e-001 
1
2
18 5 6 16 0 -1
18 9 6 8 0 2
haar_y4
-1.532262e-003 0 -1
5.949312e-001 -6.836376e-001 
1
2
6 4 14 6 0 -1
6 4 14 3 0 2
tilted_haar_y2
1.166690e-003 0 -1
-8.735986e-001 7.239401e-001 
1
2
16 12 4 3 0 -1
17 13 2 3 0 2
tilted_haar_y4
-9.849546e-004 0 -1
4.898235e-001 -8.087594e-001 
1
2
9 18 1 3 0 -1
8 19 1 1 0 3
tilted_haar_y3
-7.435468e-005 0 -1
8.093917e-001 -7.618948e-001 
1
2
15 8 4 12 0 -1
12 11 4 6 0 2
tilted_haar_x4
-7.096655e-003 0 -1
5.823946e-001 -2.689371e-001 
1
2
8 9 12 2 0 -1
11 12 6 2 0 2
tilted_haar_x4
4.883114e-004 0 -1
-7.391225e-001 8.048477e-001 
1
2
11 9 4 11 0 -1
11 9 2 11 0 2
haar_x2
-9.071035e-004 0 -1
2.331029e-001 -6.175811e-001 
1
2
4 1 12 2 0 -1
8 1 4 2 0 3
haar_x3
4.043276e-005 0 -1
-7.436743e-001 6.960362e-001 
1
2
21 13 2 3 0 -1
20 14 2 1 0 3
tilted_haar_x3
-1.686843e-004 0 -1
2.816761e-001 -6.514936e-001 
1
2
3 13 3 2 0 -1
4 14 1 2 0 3
tilted_haar_x3
-8.252967e-004 0 -1
7.178869e-001 -6.932817e-001 
1
2
17 21 4 1 0 -1
18 21 2 1 0 2
haar_x4
-1.882019e-005 0 -1
3.450162e-001 -2.215819e-001 
1
2
2 9 9 9 0 -1
5 12 3 3 0 9
haar_point
-1.638911e-003 0 -1
6.638750e-001 -5.494635e-001 
-7.078314e-001

6
-1
