5
1
3
7 18 4 6 0 -1
7 18 2 3 0 2
9 21 2 3 0 2
haar_x2_y2
-2.941448e-003 0 -1
6.955169e-001 -3.226644e-001 
1
2
15 1 1 2 0 -1
15 2 1 1 0 2
haar_y2
4.512348e-005 0 -1
-3.404849e-001 3.513010e-001 
1
3
8 16 2 2 0 -1
8 16 1 1 0 2
9 17 1 1 0 2
haar_x2_y2
-4.832976e-005 0 -1
6.299633e-001 -3.571838e-001 
1
2
14 12 8 3 0 -1
13 13 8 1 0 3
tilted_haar_x3
7.920839e-003 0 -1
-1.158654e-001 7.085306e-001 
1
2
11 1 10 3 0 -1
10 2 10 1 0 3
tilted_haar_y3
5.116718e-003 0 -1
-3.774759e-001 7.103301e-001 
-6.892784e-001

2
-1
