9
1
2
10 0 3 3 0 -1
11 1 1 1 0 9
haar_point
2.524920e-003 0 -1
1.257669e-001 -8.805736e-001 
1
2
22 11 1 2 0 -1
22 12 1 1 0 2
haar_y2
2.139805e-003 0 -1
-9.061242e-003 -9.999949e-001 
1
2
1 11 1 2 0 -1
1 12 1 1 0 2
haar_y2
2.038905e-004 0 -1
1.971827e-001 -5.627255e-001 
1
2
3 15 18 8 0 -1
3 17 18 4 0 2
haar_y4
8.081073e-003 0 -1
-3.612091e-001 3.335518e-001 
1
2
5 5 9 3 0 -1
4 6 9 1 0 3
tilted_haar_y3
2.449126e-003 0 -1
-2.963054e-001 4.475603e-001 
1
3
22 14 2 8 0 -1
23 14 1 4 0 2
22 18 1 4 0 2
haar_x2_y2
5.088733e-004 0 -1
1.566405e-001 -2.388180e-001 
1
2
2 10 1 2 0 -1
2 11 1 1 0 2
haar_y2
-3.127465e-004 0 -1
-8.550823e-001 1.420173e-001 
1
3
10 11 4 8 0 -1
12 11 2 4 0 2
10 15 2 4 0 2
haar_x2_y2
2.328471e-003 0 -1
-2.908998e-001 4.595023e-001 
1
2
3 7 15 16 0 -1
8 7 5 16 0 3
haar_x3
-4.819226e-002 0 -1
7.002396e-001 -1.962850e-001 
-5.321530e-001

13
-1
