207
1
2
5 2 4 11 0 -1
7 2 2 11 0 2
haar_x2
1.114563e-003 0 -1
-7.368308e-001 6.119620e-001 
1
2
10 3 11 2 0 -1
10 4 11 1 0 2
haar_y2
5.495304e-004 0 -1
-7.660478e-001 4.943562e-001 
1
2
2 6 16 2 0 -1
2 7 16 1 0 2
haar_y2
4.240628e-005 0 -1
-9.442310e-001 4.599811e-001 
1
2
13 4 3 16 0 -1
14 4 1 16 0 3
haar_x3
-1.948875e-003 0 -1
4.000312e-001 -8.898830e-001 
1
2
8 8 11 4 0 -1
8 8 11 2 0 2
tilted_haar_y2
2.538591e-004 0 -1
-8.832695e-001 6.583559e-001 
1
2
17 18 6 2 0 -1
19 18 2 2 0 3
haar_x3
2.951359e-003 0 -1
-8.193225e-001 6.886050e-001 
1
2
3 0 16 24 0 -1
3 6 16 12 0 2
haar_y4
1.047069e-002 0 -1
-9.773182e-001 9.105746e-001 
1
2
12 2 3 12 0 -1
9 5 3 6 0 2
tilted_haar_x4
1.737975e-002 0 -1
-9.885357e-001 -3.064230e-003 
1
2
1 17 6 3 0 -1
3 17 2 3 0 3
haar_x3
8.358231e-005 0 -1
-9.910246e-001 9.342638e-001 
1
2
22 0 2 1 0 -1
22 0 1 1 0 2
haar_x2
4.982253e-004 0 -1
-1.000000e+000 1.000000e+000 
1
2
0 0 2 1 0 -1
1 0 1 1 0 2
haar_x2
0.000000e+000 0 -1
0.000000e+000 -1.000000e+000 
1
2
19 7 1 2 0 -1
19 7 1 1 0 2
tilted_haar_x2
-5.095655e-005 0 -1
1.000000e+000 -9.609558e-001 
1
2
6 8 6 2 0 -1
6 9 6 1 0 2
haar_y2
2.547828e-005 0 -1
-9.640207e-001 1.000000e+000 
1
2
18 0 1 8 0 -1
18 4 1 4 0 2
haar_y2
2.446625e-004 0 -1
-9.923412e-001 8.852639e-001 
1
2
0 0 2 1 0 -1
1 0 1 1 0 2
haar_x2
0.000000e+000 0 -1
0.000000e+000 -1.000000e+000 
1
3
16 3 2 10 0 -1
17 3 1 5 0 2
16 8 1 5 0 2
haar_x2_y2
8.086552e-005 0 -1
-9.442117e-001 8.155761e-001 
1
2
0 0 4 2 0 -1
1 0 2 2 0 2
haar_x4
1.579764e-005 0 -1
-1.000000e+000 1.000000e+000 
1
2
22 0 2 1 0 -1
22 0 1 1 0 2
haar_x2
0.000000e+000 0 -1
0.000000e+000 -1.000000e+000 
1
2
5 7 13 12 0 -1
5 11 13 4 0 3
haar_y3
-1.070088e-003 0 -1
1.000000e+000 -1.000000e+000 
1
2
12 1 6 4 0 -1
12 3 6 2 0 2
haar_y2
1.028024e-004 0 -1
-9.496289e-001 9.052128e-001 
1
3
0 16 2 2 0 -1
0 16 1 1 0 2
1 17 1 1 0 2
haar_x2_y2
1.503127e-005 0 -1
-1.000000e+000 1.000001e+000 
1
2
22 0 2 1 0 -1
22 0 1 1 0 2
haar_x2
0.000000e+000 0 -1
0.000000e+000 -1.000000e+000 
1
2
5 20 2 1 0 -1
5 20 1 1 0 2
tilted_haar_x2
-1.447182e-004 0 -1
1.000000e+000 -9.891772e-001 
1
2
20 15 2 2 0 -1
20 15 2 1 0 2
tilted_haar_x2
-1.205532e-004 0 -1
1.000000e+000 -8.162084e-001 
1
3
4 6 6 4 0 -1
4 6 3 2 0 2
7 8 3 2 0 2
haar_x2_y2
4.148805e-005 0 -1
-9.187641e-001 1.000000e+000 
1
2
19 15 4 3 0 -1
19 15 2 3 0 2
tilted_haar_y2
2.105210e-003 0 -1
-8.643511e-001 1.000000e+000 
1
3
0 8 10 16 0 -1
0 8 5 8 0 2
5 16 5 8 0 2
haar_x2_y2
-3.159268e-003 0 -1
1.000000e+000 -1.000000e+000 
1
2
17 1 2 21 0 -1
17 8 2 7 0 3
haar_y3
-6.482713e-003 0 -1
6.049053e-001 -8.900954e-001 
1
2
1 18 15 6 0 -1
6 18 5 6 0 3
haar_x3
1.268080e-003 0 -1
-9.784740e-001 9.558139e-001 
1
2
19 4 3 3 0 -1
19 5 3 1 0 3
haar_y3
-1.557186e-004 0 -1
8.617765e-001 -9.378157e-001 
1
2
8 17 2 6 0 -1
8 19 2 2 0 3
haar_y3
-1.061986e-003 0 -1
9.597057e-001 -9.487665e-001 
1
2
6 0 16 4 0 -1
6 2 16 2 0 2
haar_y2
7.096066e-004 0 -1
-9.539343e-001 6.316787e-001 
1
2
2 0 15 3 0 -1
7 0 5 3 0 3
haar_x3
3.733925e-004 0 -1
-9.585903e-001 7.256058e-001 
1
2
14 12 3 2 0 -1
15 12 1 2 0 3
haar_x3
2.120314e-005 0 -1
-9.567509e-001 3.191582e-001 
1
2
2 6 12 1 0 -1
5 6 6 1 0 2
haar_x4
4.179115e-005 0 -1
-9.942564e-001 1.000000e+000 
1
2
22 0 2 1 0 -1
22 0 1 1 0 2
haar_x2
0.000000e+000 0 -1
0.000000e+000 -1.000000e+000 
1
3
9 20 2 4 0 -1
9 20 1 2 0 2
10 22 1 2 0 2
haar_x2_y2
-4.101417e-005 0 -1
1.000000e+000 -9.942793e-001 
1
2
14 12 2 10 0 -1
14 12 1 10 0 2
haar_x2
7.067958e-004 0 -1
-8.184386e-001 9.323871e-001 
1
2
6 18 3 3 0 -1
7 19 1 3 0 3
tilted_haar_x3
-3.655641e-004 0 -1
1.000000e+000 -1.000000e+000 
1
2
5 13 16 2 0 -1
5 13 8 2 0 2
haar_x2
-2.918054e-003 0 -1
8.859656e-001 -8.580754e-001 
1
2
10 0 1 4 0 -1
10 2 1 2 0 2
haar_y2
4.148805e-005 0 -1
-9.824070e-001 8.648209e-001 
1
3
0 2 24 18 0 -1
12 2 12 9 0 2
0 11 12 9 0 2
haar_x2_y2
2.059625e-002 0 -1
-9.773406e-001 9.420690e-001 
1
2
4 15 4 8 0 -1
6 15 2 8 0 2
haar_x2
2.777749e-003 0 -1
-1.000000e+000 1.000003e+000 
1
2
22 0 2 1 0 -1
22 0 1 1 0 2
haar_x2
0.000000e+000 0 -1
0.000000e+000 -1.000000e+000 
1
2
3 15 4 3 0 -1
2 16 4 1 0 3
tilted_haar_y3
6.228744e-005 0 -1
-9.941682e-001 1.000000e+000 
1
2
22 0 2 1 0 -1
22 0 1 1 0 2
haar_x2
0.000000e+000 0 -1
0.000000e+000 -1.000000e+000 
1
2
0 0 17 6 0 -1
0 3 17 3 0 2
haar_y2
1.164653e-003 0 -1
-1.000000e+000 1.000006e+000 
1
2
22 0 2 1 0 -1
22 0 1 1 0 2
haar_x2
0.000000e+000 0 -1
0.000000e+000 -1.000000e+000 
1
2
3 0 17 24 0 -1
3 6 17 12 0 2
haar_y4
2.274143e-003 0 -1
-1.000000e+000 9.319571e-001 
1
2
22 0 2 1 0 -1
22 0 1 1 0 2
haar_x2
0.000000e+000 0 -1
0.000000e+000 -1.000000e+000 
1
2
1 21 3 3 0 -1
2 21 1 3 0 3
haar_x3
-1.802255e-004 0 -1
1.000000e+000 -9.999999e-001 
1
3
14 3 10 8 0 -1
19 3 5 4 0 2
14 7 5 4 0 2
haar_x2_y2
-5.746012e-004 0 -1
7.893920e-001 -8.061922e-001 
1
2
12 1 10 2 0 -1
12 1 10 1 0 2
tilted_haar_y2
-2.159394e-003 0 -1
9.448307e-001 -9.463454e-001 
1
3
7 1 14 8 0 -1
14 1 7 4 0 2
7 5 7 4 0 2
haar_x2_y2
-5.700561e-004 0 -1
5.684246e-001 -5.074664e-001 
1
3
1 1 12 8 0 -1
1 1 6 4 0 2
7 5 6 4 0 2
haar_x2_y2
1.533126e-003 0 -1
-8.980864e-001 8.551562e-001 
1
2
12 0 6 12 0 -1
8 4 6 4 0 3
tilted_haar_x3
4.484979e-003 0 -1
-9.008816e-001 2.264975e-001 
1
3
5 3 10 6 0 -1
5 3 5 3 0 2
10 6 5 3 0 2
haar_x2_y2
7.608483e-005 0 -1
-9.501251e-001 7.151452e-001 
1
2
16 13 8 7 0 -1
18 13 4 7 0 2
haar_x4
-3.848624e-003 0 -1
3.505022e-001 -9.367194e-001 
1
2
1 2 10 2 0 -1
6 2 5 2 0 2
haar_x2
4.148805e-005 0 -1
-9.702058e-001 8.037912e-001 
1
2
18 0 4 7 0 -1
18 0 2 7 0 2
tilted_haar_y2
-1.208593e-003 0 -1
4.193438e-001 -9.770607e-001 
1
2
7 9 7 4 0 -1
7 10 7 2 0 2
haar_y4
4.096963e-004 0 -1
-9.588379e-001 9.530509e-001 
1
2
16 0 8 24 0 -1
18 0 4 24 0 2
haar_x4
2.754696e-002 0 -1
-9.596126e-001 1.000000e+000 
1
2
0 0 14 24 0 -1
0 6 14 12 0 2
haar_y4
6.673915e-002 0 -1
-1.000000e+000 1.000003e+000 
1
2
22 0 2 1 0 -1
22 0 1 1 0 2
haar_x2
0.000000e+000 0 -1
0.000000e+000 -1.000000e+000 
1
2
10 1 3 6 0 -1
8 3 3 2 0 3
tilted_haar_y3
6.320714e-004 0 -1
-1.000000e+000 1.000067e+000 
1
2
22 0 2 1 0 -1
22 0 1 1 0 2
haar_x2
0.000000e+000 0 -1
0.000000e+000 -1.000000e+000 
1
2
0 10 9 14 0 -1
3 10 3 14 0 3
haar_x3
-6.432225e-003 0 -1
1.000000e+000 -9.960085e-001 
1
2
8 13 11 3 0 -1
8 14 11 1 0 3
haar_y3
9.765255e-005 0 -1
-9.453214e-001 8.928080e-001 
1
2
2 13 4 2 0 -1
3 14 2 2 0 2
tilted_haar_x4
-7.794643e-005 0 -1
1.000000e+000 -1.000000e+000 
1
2
22 12 2 7 0 -1
22 12 1 7 0 2
haar_x2
7.730982e-004 0 -1
-9.475400e-001 4.652934e-001 
1
3
0 1 2 20 0 -1
0 1 1 10 0 2
1 11 1 10 0 2
haar_x2_y2
4.179115e-005 0 -1
-9.798129e-001 9.999974e-001 
1
2
15 0 8 20 0 -1
15 5 8 10 0 2
haar_y4
-4.854102e-003 0 -1
1.000000e+000 -9.843442e-001 
1
2
1 4 21 4 0 -1
1 6 21 2 0 2
haar_y2
4.915469e-004 0 -1
-1.000000e+000 1.000000e+000 
1
2
22 0 2 12 0 -1
22 0 1 12 0 2
haar_x2
-2.632156e-003 0 -1
1.000000e+000 -9.999999e-001 
1
2
4 0 15 5 0 -1
9 0 5 5 0 3
haar_x3
1.148397e-003 0 -1
-1.000000e+000 1.000025e+000 
1
2
22 0 2 1 0 -1
22 0 1 1 0 2
haar_x2
0.000000e+000 0 -1
0.000000e+000 -1.000000e+000 
1
2
1 18 15 6 0 -1
1 21 15 3 0 2
haar_y2
-2.274143e-004 0 -1
1.000000e+000 -1.000000e+000 
1
2
8 11 16 13 0 -1
8 11 8 13 0 2
haar_x2
-1.863445e-004 0 -1
5.838123e-001 -9.676287e-001 
1
2
0 0 2 1 0 -1
1 0 1 1 0 2
haar_x2
3.114372e-005 0 -1
-1.000000e+000 1.000000e+000 
1
2
22 0 2 1 0 -1
22 0 1 1 0 2
haar_x2
0.000000e+000 0 -1
0.000000e+000 -1.000000e+000 
1
2
0 0 2 1 0 -1
1 0 1 1 0 2
haar_x2
0.000000e+000 0 -1
0.000000e+000 -1.000000e+000 
1
3
2 0 22 10 0 -1
13 0 11 5 0 2
2 5 11 5 0 2
haar_x2_y2
-1.234526e-002 0 -1
1.000000e+000 -9.306853e-001 
1
2
6 3 6 2 0 -1
6 3 3 2 0 2
tilted_haar_x2
-4.179115e-005 0 -1
1.000000e+000 -1.000000e+000 
1
2
16 2 4 4 0 -1
16 4 4 2 0 2
haar_y2
9.317225e-005 0 -1
-8.261650e-001 7.510501e-001 
1
2
8 18 6 2 0 -1
10 18 2 2 0 3
haar_x3
8.782719e-004 0 -1
-9.832566e-001 9.999995e-001 
1
3
4 0 20 2 0 -1
14 0 10 1 0 2
4 1 10 1 0 2
haar_x2_y2
-1.640567e-003 0 -1
1.000000e+000 -9.888062e-001 
1
2
4 4 9 3 0 -1
7 5 3 1 0 9
haar_point
5.579554e-004 0 -1
-1.000000e+000 1.000000e+000 
1
3
22 0 2 4 0 -1
23 0 1 2 0 2
22 2 1 2 0 2
haar_x2_y2
7.630351e-005 0 -1
-9.854210e-001 1.000000e+000 
1
2
0 0 2 1 0 -1
1 0 1 1 0 2
haar_x2
0.000000e+000 0 -1
0.000000e+000 -1.000000e+000 
1
2
20 4 4 6 0 -1
20 4 4 3 0 2
tilted_haar_x2
-2.907930e-003 0 -1
1.000000e+000 -9.376393e-001 
1
2
1 0 12 10 0 -1
1 5 12 5 0 2
haar_y2
2.693609e-002 0 -1
-1.000000e+000 1.000001e+000 
1
2
21 0 3 6 0 -1
22 2 1 2 0 9
haar_point
-4.740536e-004 0 -1
1.000000e+000 -1.000000e+000 
1
2
0 0 2 1 0 -1
1 0 1 1 0 2
haar_x2
0.000000e+000 0 -1
0.000000e+000 -1.000000e+000 
1
2
8 2 11 3 0 -1
8 3 11 1 0 3
haar_y3
-4.185109e-005 0 -1
1.000000e+000 -9.170223e-001 
1
2
0 0 8 13 0 -1
4 0 4 13 0 2
haar_x2
3.319044e-004 0 -1
-1.000000e+000 9.999997e-001 
1
2
18 0 6 3 0 -1
20 1 2 1 0 9
haar_point
-9.931760e-005 0 -1
8.016739e-001 -9.774952e-001 
1
2
0 0 3 9 0 -1
1 3 1 3 0 9
haar_point
4.740536e-004 0 -1
-1.000000e+000 1.000000e+000 
1
2
22 0 2 1 0 -1
22 0 1 1 0 2
haar_x2
0.000000e+000 0 -1
0.000000e+000 -1.000000e+000 
1
2
0 0 2 1 0 -1
1 0 1 1 0 2
haar_x2
1.349493e-005 0 -1
-1.000000e+000 1.000000e+000 
1
2
22 0 2 1 0 -1
22 0 1 1 0 2
haar_x2
0.000000e+000 0 -1
0.000000e+000 -1.000000e+000 
1
2
0 0 2 1 0 -1
1 0 1 1 0 2
haar_x2
-2.930737e-005 0 -1
1.000000e+000 -1.000000e+000 
1
2
12 0 3 3 0 -1
12 1 3 1 0 3
haar_y3
6.747466e-005 0 -1
-8.083324e-001 1.000000e+000 
1
3
0 0 2 12 0 -1
0 0 1 6 0 2
1 6 1 6 0 2
haar_x2_y2
3.950446e-005 0 -1
-1.000000e+000 1.000000e+000 
1
2
21 0 3 1 0 -1
22 0 1 1 0 3
haar_x3
7.031368e-005 0 -1
-1.000000e+000 1.000000e+000 
1
2
0 0 8 10 0 -1
2 0 4 10 0 2
haar_x4
-3.858972e-003 0 -1
1.000000e+000 -1.000000e+000 
1
2
22 12 1 4 0 -1
21 13 1 2 0 2
tilted_haar_x4
1.079528e-004 0 -1
-8.549336e-001 1.000000e+000 
1
2
0 0 15 2 0 -1
0 1 15 1 0 2
haar_y2
1.975223e-004 0 -1
-1.000000e+000 1.000000e+000 
1
2
22 0 2 1 0 -1
22 0 1 1 0 2
haar_x2
0.000000e+000 0 -1
0.000000e+000 -1.000000e+000 
1
2
0 0 3 3 0 -1
1 1 1 1 0 9
haar_point
1.505615e-004 0 -1
-1.000000e+000 1.000000e+000 
1
2
22 0 2 1 0 -1
22 0 1 1 0 2
haar_x2
0.000000e+000 0 -1
0.000000e+000 -1.000000e+000 
1
2
0 0 19 2 0 -1
0 1 19 1 0 2
haar_y2
2.598214e-005 0 -1
-1.000000e+000 1.000000e+000 
1
2
22 0 2 1 0 -1
22 0 1 1 0 2
haar_x2
0.000000e+000 0 -1
0.000000e+000 -1.000000e+000 
1
2
0 0 2 2 0 -1
0 1 2 1 0 2
haar_y2
-8.202833e-005 0 -1
1.000000e+000 -1.000000e+000 
1
2
16 0 8 24 0 -1
16 6 8 12 0 2
haar_y4
4.234845e-003 0 -1
-9.203124e-001 1.000000e+000 
1
3
0 0 4 8 0 -1
0 0 2 4 0 2
2 4 2 4 0 2
haar_x2_y2
-1.185134e-004 0 -1
1.000000e+000 -1.000000e+000 
1
2
12 5 12 18 0 -1
16 5 4 18 0 3
haar_x3
-2.386129e-002 0 -1
1.000000e+000 -9.803247e-001 
1
2
0 0 2 1 0 -1
1 0 1 1 0 2
haar_x2
0.000000e+000 0 -1
0.000000e+000 -1.000000e+000 
1
3
6 8 18 16 0 -1
15 8 9 8 0 2
6 16 9 8 0 2
haar_x2_y2
3.674869e-002 0 -1
-8.258888e-001 1.000000e+000 
1
2
0 0 17 2 0 -1
0 1 17 1 0 2
haar_y2
6.963471e-004 0 -1
-1.000000e+000 1.000000e+000 
1
2
22 0 2 1 0 -1
22 0 1 1 0 2
haar_x2
0.000000e+000 0 -1
0.000000e+000 -1.000000e+000 
1
2
0 0 2 2 0 -1
1 0 1 2 0 2
haar_x2
4.658612e-005 0 -1
-1.000000e+000 1.000000e+000 
1
2
22 0 2 1 0 -1
22 0 1 1 0 2
haar_x2
0.000000e+000 0 -1
0.000000e+000 -1.000000e+000 
1
2
0 0 4 6 0 -1
0 3 4 3 0 2
haar_y2
8.202833e-005 0 -1
-1.000000e+000 1.000000e+000 
1
2
22 0 2 1 0 -1
22 0 1 1 0 2
haar_x2
0.000000e+000 0 -1
0.000000e+000 -1.000000e+000 
1
2
0 0 2 1 0 -1
1 0 1 1 0 2
haar_x2
5.095655e-005 0 -1
-1.000000e+000 1.000000e+000 
1
2
22 0 2 1 0 -1
22 0 1 1 0 2
haar_x2
0.000000e+000 0 -1
0.000000e+000 -1.000000e+000 
1
2
0 0 8 6 0 -1
0 3 8 3 0 2
haar_y2
1.307468e-004 0 -1
-1.000000e+000 1.000000e+000 
1
2
22 0 2 1 0 -1
22 0 1 1 0 2
haar_x2
0.000000e+000 0 -1
0.000000e+000 -1.000000e+000 
1
2
0 0 3 1 0 -1
1 0 1 1 0 3
haar_x3
-2.570060e-005 0 -1
1.000000e+000 -1.000000e+000 
1
2
11 0 13 6 0 -1
11 3 13 3 0 2
haar_y2
3.414089e-003 0 -1
-9.588559e-001 1.000000e+000 
1
2
0 0 1 8 0 -1
0 2 1 4 0 2
haar_y4
-5.861474e-005 0 -1
1.000000e+000 -1.000000e+000 
1
3
18 0 6 16 0 -1
21 0 3 8 0 2
18 8 3 8 0 2
haar_x2_y2
7.794643e-004 0 -1
-8.718661e-001 1.000000e+000 
1
2
0 0 3 1 0 -1
1 0 1 1 0 3
haar_x3
-7.515634e-005 0 -1
1.000000e+000 -1.000000e+000 
1
2
20 0 4 3 0 -1
20 1 4 1 0 3
haar_y3
1.397584e-004 0 -1
-8.397692e-001 1.000000e+000 
1
2
0 0 4 3 0 -1
0 1 4 1 0 3
haar_y3
-3.950446e-005 0 -1
1.000000e+000 -1.000000e+000 
1
2
17 0 7 4 0 -1
17 1 7 2 0 2
haar_y4
-7.794643e-005 0 -1
1.000000e+000 -9.225339e-001 
1
3
0 0 8 20 0 -1
0 0 4 10 0 2
4 10 4 10 0 2
haar_x2_y2
-5.019220e-003 0 -1
1.000000e+000 -1.000000e+000 
1
2
14 0 2 8 0 -1
14 0 1 8 0 2
tilted_haar_y2
-5.861474e-005 0 -1
1.000000e+000 -5.487197e-001 
1
3
4 12 12 12 0 -1
4 12 6 6 0 2
10 18 6 6 0 2
haar_x2_y2
-7.436748e-004 0 -1
1.000000e+000 -1.000000e+000 
1
2
14 0 2 11 0 -1
14 0 1 11 0 2
tilted_haar_y2
-9.481071e-004 0 -1
1.000000e+000 -2.283573e-001 
1
2
1 6 3 3 0 -1
2 7 1 1 0 9
haar_point
2.930737e-005 0 -1
-1.000000e+000 1.000000e+000 
1
3
12 0 12 4 0 -1
18 0 6 2 0 2
12 2 6 2 0 2
haar_x2_y2
-1.431364e-003 0 -1
1.000000e+000 -8.493987e-001 
1
2
9 1 3 2 0 -1
9 1 3 1 0 2
tilted_haar_y2
-5.196429e-005 0 -1
1.000000e+000 -1.000000e+000 
1
2
9 16 12 3 0 -1
13 17 4 1 0 9
haar_point
-1.139502e-003 0 -1
1.000000e+000 -3.358754e-001 
1
2
9 1 1 4 0 -1
8 2 1 2 0 2
tilted_haar_y4
1.199475e-005 0 -1
-1.000000e+000 1.000000e+000 
1
2
16 18 1 2 0 -1
16 19 1 1 0 2
haar_y2
-4.240628e-005 0 -1
8.241159e-001 -9.334061e-001 
1
2
3 16 12 3 0 -1
7 17 4 1 0 9
haar_point
2.120314e-004 0 -1
-9.703280e-001 9.999999e-001 
1
2
8 0 16 18 0 -1
8 6 16 6 0 3
haar_y3
9.458346e-003 0 -1
-1.000000e+000 6.061143e-001 
1
2
0 0 2 1 0 -1
1 0 1 1 0 2
haar_x2
-6.024324e-004 0 -1
-1.000000e+000 -1.000000e+000 
1
2
11 8 3 2 0 -1
11 9 3 1 0 2
haar_y2
1.185134e-004 0 -1
-9.750334e-001 8.950114e-001 
1
2
0 0 3 9 0 -1
1 3 1 3 0 9
haar_point
4.740536e-004 0 -1
-1.000000e+000 1.000000e+000 
1
2
22 0 2 1 0 -1
22 0 1 1 0 2
haar_x2
0.000000e+000 0 -1
0.000000e+000 -1.000000e+000 
1
2
0 0 9 8 0 -1
0 2 9 4 0 2
haar_y4
-1.078661e-003 0 -1
1.000000e+000 -1.000000e+000 
1
2
8 0 16 8 0 -1
8 4 16 4 0 2
haar_y2
5.310818e-003 0 -1
-9.282222e-001 1.000000e+000 
1
2
0 0 3 1 0 -1
1 0 1 1 0 3
haar_x3
-7.515634e-005 0 -1
1.000000e+000 -1.000000e+000 
1
2
18 10 4 2 0 -1
19 10 2 2 0 2
haar_x4
-3.604534e-004 0 -1
1.000000e+000 -8.946454e-001 
1
2
8 0 2 8 0 -1
8 4 2 4 0 2
haar_y2
1.397584e-004 0 -1
-1.000000e+000 9.567821e-001 
1
2
14 0 3 4 0 -1
14 1 3 2 0 2
haar_y4
-1.000777e-004 0 -1
6.144630e-001 -9.736042e-001 
1
2
8 13 6 9 0 -1
10 16 2 3 0 9
haar_point
1.675048e-003 0 -1
-1.000000e+000 1.000000e+000 
1
2
22 0 2 12 0 -1
22 0 1 12 0 2
haar_x2
5.196429e-005 0 -1
-1.000000e+000 1.000000e+000 
1
2
0 0 12 24 0 -1
0 6 12 12 0 2
haar_y4
6.566170e-002 0 -1
-1.000000e+000 1.000001e+000 
1
2
22 0 2 1 0 -1
22 0 1 1 0 2
haar_x2
0.000000e+000 0 -1
0.000000e+000 -1.000000e+000 
1
2
0 0 12 2 0 -1
3 0 6 2 0 2
haar_x4
1.778217e-004 0 -1
-1.000000e+000 1.000000e+000 
1
2
22 0 2 1 0 -1
22 0 1 1 0 2
haar_x2
0.000000e+000 0 -1
0.000000e+000 -1.000000e+000 
1
2
0 0 4 4 0 -1
0 1 4 2 0 2
haar_y4
-2.870992e-004 0 -1
1.000000e+000 -1.000000e+000 
1
2
17 0 4 4 0 -1
18 1 2 4 0 2
tilted_haar_y4
-7.209022e-004 0 -1
8.816916e-001 -8.033728e-001 
1
2
4 0 6 9 0 -1
6 3 2 3 0 9
haar_point
1.465369e-004 0 -1
-9.550954e-001 1.000000e+000 
1
2
16 8 6 16 0 -1
18 8 2 16 0 3
haar_x3
-5.530625e-004 0 -1
7.662031e-001 -9.322003e-001 
1
2
8 1 3 3 0 -1
7 2 3 1 0 3
tilted_haar_y3
1.016124e-004 0 -1
-1.000000e+000 9.999997e-001 
1
3
20 0 4 16 0 -1
22 0 2 8 0 2
20 8 2 8 0 2
haar_x2_y2
-2.446625e-004 0 -1
1.000000e+000 -9.626661e-001 
1
2
12 7 4 11 0 -1
13 8 2 11 0 2
tilted_haar_x4
5.850761e-004 0 -1
-1.000000e+000 9.999998e-001 
1
2
15 0 9 3 0 -1
18 1 3 1 0 9
haar_point
-1.124667e-002 0 -1
1.000000e+000 -9.763939e-001 
1
2
0 0 2 1 0 -1
1 0 1 1 0 2
haar_x2
8.297610e-005 0 -1
-1.000000e+000 1.000000e+000 
1
2
22 0 2 1 0 -1
22 0 1 1 0 2
haar_x2
0.000000e+000 0 -1
0.000000e+000 -1.000000e+000 
1
2
0 0 3 1 0 -1
1 0 1 1 0 3
haar_x3
-7.515634e-005 0 -1
1.000000e+000 -1.000000e+000 
1
2
15 0 9 24 0 -1
15 6 9 12 0 2
haar_y4
9.671432e-004 0 -1
-9.058642e-001 1.000000e+000 
1
2
0 0 2 2 0 -1
1 0 1 2 0 2
haar_x2
1.503127e-005 0 -1
-1.000000e+000 1.000000e+000 
1
2
22 0 2 1 0 -1
22 0 1 1 0 2
haar_x2
0.000000e+000 0 -1
0.000000e+000 -1.000000e+000 
1
2
0 0 3 6 0 -1
1 2 1 2 0 9
haar_point
-2.370268e-004 0 -1
1.000000e+000 -1.000000e+000 
1
2
15 3 9 9 0 -1
18 6 3 3 0 9
haar_point
1.283663e-002 0 -1
-8.915547e-001 1.000000e+000 
1
2
8 0 2 8 0 -1
8 4 2 4 0 2
haar_y2
1.975223e-004 0 -1
-1.000000e+000 1.000000e+000 
1
2
18 0 6 4 0 -1
20 0 2 4 0 3
haar_x3
-2.343314e-004 0 -1
1.000000e+000 -9.414326e-001 
1
2
0 0 2 1 0 -1
1 0 1 1 0 2
haar_x2
-3.562851e-005 0 -1
1.000000e+000 -1.000000e+000 
1
2
20 0 4 6 0 -1
21 0 2 6 0 2
haar_x4
1.953051e-004 0 -1
-1.000000e+000 1.000000e+000 
1
2
0 0 19 2 0 -1
0 1 19 1 0 2
haar_y2
2.598214e-005 0 -1
-1.000000e+000 1.000000e+000 
1
2
23 0 1 2 0 -1
23 1 1 1 0 2
haar_y2
2.598214e-005 0 -1
-9.861344e-001 1.000000e+000 
1
2
0 0 2 1 0 -1
1 0 1 1 0 2
haar_x2
0.000000e+000 0 -1
0.000000e+000 -1.000000e+000 
1
2
23 0 1 2 0 -1
23 1 1 1 0 2
haar_y2
2.598214e-005 0 -1
-9.632564e-001 1.000000e+000 
1
2
0 0 2 1 0 -1
1 0 1 1 0 2
haar_x2
0.000000e+000 0 -1
0.000000e+000 -1.000000e+000 
1
2
16 0 8 16 0 -1
18 0 4 16 0 2
haar_x4
-3.035691e-003 0 -1
1.000000e+000 -9.529394e-001 
1
3
0 0 2 2 0 -1
0 0 1 1 0 2
1 1 1 1 0 2
haar_x2_y2
-3.177187e-005 0 -1
1.000000e+000 -1.000000e+000 
1
2
16 0 8 4 0 -1
16 2 8 2 0 2
haar_y2
2.001555e-004 0 -1
-7.873803e-001 1.000000e+000 
1
2
0 0 3 1 0 -1
1 0 1 1 0 3
haar_x3
-2.570060e-005 0 -1
1.000000e+000 -1.000000e+000 
1
2
15 0 9 15 0 -1
18 5 3 5 0 9
haar_point
-4.425682e-003 0 -1
1.000000e+000 -9.689085e-001 
1
3
0 0 2 24 0 -1
0 0 1 12 0 2
1 12 1 12 0 2
haar_x2_y2
-1.185134e-004 0 -1
1.000000e+000 -1.000000e+000 
1
3
16 11 8 6 0 -1
20 11 4 3 0 2
16 14 4 3 0 2
haar_x2_y2
3.163960e-003 0 -1
-8.202860e-001 1.000000e+000 
1
2
0 0 3 9 0 -1
1 3 1 3 0 9
haar_point
4.740536e-004 0 -1
-1.000000e+000 1.000000e+000 
1
2
22 0 2 1 0 -1
22 0 1 1 0 2
haar_x2
0.000000e+000 0 -1
0.000000e+000 -1.000000e+000 
1
2
0 0 3 12 0 -1
1 4 1 4 0 9
haar_point
5.077887e-003 0 -1
-1.000000e+000 1.000000e+000 
1
2
22 0 2 1 0 -1
22 0 1 1 0 2
haar_x2
0.000000e+000 0 -1
0.000000e+000 -1.000000e+000 
1
2
0 0 4 3 0 -1
1 0 2 3 0 2
haar_x4
-3.950446e-005 0 -1
1.000000e+000 -1.000000e+000 
1
2
15 4 9 9 0 -1
18 7 3 3 0 9
haar_point
2.135511e-003 0 -1
-8.629948e-001 1.000000e+000 
1
2
1 9 6 1 0 -1
1 9 3 1 0 2
tilted_haar_x2
-7.649391e-004 0 -1
1.000000e+000 -9.999999e-001 
1
2
13 0 2 10 0 -1
13 0 1 10 0 2
tilted_haar_y2
-7.856131e-004 0 -1
1.000000e+000 -7.949769e-001 
1
2
12 1 10 2 0 -1
12 1 10 1 0 2
tilted_haar_y2
-1.141428e-003 0 -1
1.000000e+000 -1.000000e+000 
1
2
15 17 4 3 0 -1
15 18 4 1 0 3
haar_y3
1.588594e-005 0 -1
-5.897335e-001 9.999997e-001 
1
3
3 7 8 16 0 -1
3 7 4 8 0 2
7 15 4 8 0 2
haar_x2_y2
-6.804097e-004 0 -1
1.000000e+000 -1.000000e+000 
-1.364553e+001

7
-1
